height temperature
 height fluid solid
 0.4882812500E-03  0.8717774092E+03  0.6511290948E+03
 0.1464843750E-02  0.8714033202E+03  0.6511225333E+03
 0.2441406250E-02  0.8710294076E+03  0.6511094695E+03
 0.3417968750E-02  0.8706556607E+03  0.6510899620E+03
 0.4394531250E-02  0.8702820688E+03  0.6510640691E+03
 0.5371093750E-02  0.8699086214E+03  0.6510318486E+03
 0.6347656250E-02  0.8695353082E+03  0.6509933579E+03
 0.7324218750E-02  0.8691621188E+03  0.6509486541E+03
 0.8300781250E-02  0.8687890430E+03  0.6508977938E+03
 0.9277343750E-02  0.8684160707E+03  0.6508408330E+03
 0.1025390625E-01  0.8680431919E+03  0.6507778276E+03
 0.1123046875E-01  0.8676703968E+03  0.6507088331E+03
 0.1220703125E-01  0.8672976755E+03  0.6506339042E+03
 0.1318359375E-01  0.8669250183E+03  0.6505530958E+03
 0.1416015625E-01  0.8665524157E+03  0.6504664618E+03
 0.1513671875E-01  0.8661798581E+03  0.6503740562E+03
 0.1611328125E-01  0.8658073361E+03  0.6502759324E+03
 0.1708984375E-01  0.8654348405E+03  0.6501721433E+03
 0.1806640625E-01  0.8650623619E+03  0.6500627417E+03
 0.1904296875E-01  0.8646898914E+03  0.6499477798E+03
 0.2001953125E-01  0.8643174199E+03  0.6498273095E+03
 0.2099609375E-01  0.8639449383E+03  0.6497013824E+03
 0.2197265625E-01  0.8635724380E+03  0.6495700496E+03
 0.2294921875E-01  0.8631999102E+03  0.6494333619E+03
 0.2392578125E-01  0.8628273462E+03  0.6492913697E+03
 0.2490234375E-01  0.8624547374E+03  0.6491441232E+03
 0.2587890625E-01  0.8620820754E+03  0.6489916719E+03
 0.2685546875E-01  0.8617093518E+03  0.6488340654E+03
 0.2783203125E-01  0.8613365584E+03  0.6486713526E+03
 0.2880859375E-01  0.8609636868E+03  0.6485035822E+03
 0.2978515625E-01  0.8605907291E+03  0.6483308024E+03
 0.3076171875E-01  0.8602176771E+03  0.6481530612E+03
 0.3173828125E-01  0.8598445230E+03  0.6479704063E+03
 0.3271484375E-01  0.8594712588E+03  0.6477828849E+03
 0.3369140625E-01  0.8590978769E+03  0.6475905440E+03
 0.3466796875E-01  0.8587243695E+03  0.6473934302E+03
 0.3564453125E-01  0.8583507290E+03  0.6471915897E+03
 0.3662109375E-01  0.8579769479E+03  0.6469850686E+03
 0.3759765625E-01  0.8576030187E+03  0.6467739123E+03
 0.3857421875E-01  0.8572289343E+03  0.6465581663E+03
 0.3955078125E-01  0.8568546871E+03  0.6463378755E+03
 0.4052734375E-01  0.8564802702E+03  0.6461130845E+03
 0.4150390625E-01  0.8561056763E+03  0.6458838377E+03
 0.4248046875E-01  0.8557308984E+03  0.6456501791E+03
 0.4345703125E-01  0.8553559296E+03  0.6454121523E+03
 0.4443359375E-01  0.8549807631E+03  0.6451698008E+03
 0.4541015625E-01  0.8546053920E+03  0.6449231676E+03
 0.4638671875E-01  0.8542298096E+03  0.6446722955E+03
 0.4736328125E-01  0.8538540092E+03  0.6444172269E+03
 0.4833984375E-01  0.8534779845E+03  0.6441580041E+03
 0.4931640625E-01  0.8531017287E+03  0.6438946688E+03
 0.5029296875E-01  0.8527252356E+03  0.6436272626E+03
 0.5126953125E-01  0.8523484988E+03  0.6433558267E+03
 0.5224609375E-01  0.8519715121E+03  0.6430804022E+03
 0.5322265625E-01  0.8515942692E+03  0.6428010296E+03
 0.5419921875E-01  0.8512167641E+03  0.6425177493E+03
 0.5517578125E-01  0.8508389908E+03  0.6422306015E+03
 0.5615234375E-01  0.8504609432E+03  0.6419396258E+03
 0.5712890625E-01  0.8500826155E+03  0.6416448618E+03
 0.5810546875E-01  0.8497040018E+03  0.6413463488E+03
 0.5908203125E-01  0.8493250964E+03  0.6410441256E+03
 0.6005859375E-01  0.8489458937E+03  0.6407382308E+03
 0.6103515625E-01  0.8485663880E+03  0.6404287030E+03
 0.6201171875E-01  0.8481865738E+03  0.6401155800E+03
 0.6298828125E-01  0.8478064456E+03  0.6397988998E+03
 0.6396484375E-01  0.8474259980E+03  0.6394786999E+03
 0.6494140625E-01  0.8470452257E+03  0.6391550176E+03
 0.6591796875E-01  0.8466641235E+03  0.6388278898E+03
 0.6689453125E-01  0.8462826860E+03  0.6384973533E+03
 0.6787109375E-01  0.8459009083E+03  0.6381634445E+03
 0.6884765625E-01  0.8455187851E+03  0.6378261996E+03
 0.6982421875E-01  0.8451363116E+03  0.6374856545E+03
 0.7080078125E-01  0.8447534828E+03  0.6371418449E+03
 0.7177734375E-01  0.8443702937E+03  0.6367948061E+03
 0.7275390625E-01  0.8439867397E+03  0.6364445734E+03
 0.7373046875E-01  0.8436028160E+03  0.6360911815E+03
 0.7470703125E-01  0.8432185179E+03  0.6357346652E+03
 0.7568359375E-01  0.8428338407E+03  0.6353750587E+03
 0.7666015625E-01  0.8424487799E+03  0.6350123961E+03
 0.7763671875E-01  0.8420633311E+03  0.6346467114E+03
 0.7861328125E-01  0.8416774898E+03  0.6342780380E+03
 0.7958984375E-01  0.8412912515E+03  0.6339064094E+03
 0.8056640625E-01  0.8409046121E+03  0.6335318586E+03
 0.8154296875E-01  0.8405175673E+03  0.6331544186E+03
 0.8251953125E-01  0.8401301128E+03  0.6327741218E+03
 0.8349609375E-01  0.8397422446E+03  0.6323910007E+03
 0.8447265625E-01  0.8393539586E+03  0.6320050873E+03
 0.8544921875E-01  0.8389652507E+03  0.6316164136E+03
 0.8642578125E-01  0.8385761170E+03  0.6312250112E+03
 0.8740234375E-01  0.8381865536E+03  0.6308309114E+03
 0.8837890625E-01  0.8377965567E+03  0.6304341454E+03
 0.8935546875E-01  0.8374061224E+03  0.6300347442E+03
 0.9033203125E-01  0.8370152471E+03  0.6296327383E+03
 0.9130859375E-01  0.8366239271E+03  0.6292281583E+03
 0.9228515625E-01  0.8362321587E+03  0.6288210344E+03
 0.9326171875E-01  0.8358399384E+03  0.6284113965E+03
 0.9423828125E-01  0.8354472627E+03  0.6279992744E+03
 0.9521484375E-01  0.8350541281E+03  0.6275846976E+03
 0.9619140625E-01  0.8346605312E+03  0.6271676953E+03
 0.9716796875E-01  0.8342664687E+03  0.6267482967E+03
 0.9814453125E-01  0.8338719373E+03  0.6263265306E+03
 0.9912109375E-01  0.8334769338E+03  0.6259024256E+03
 0.1000976562E+00  0.8330814549E+03  0.6254760101E+03
 0.1010742188E+00  0.8326854975E+03  0.6250473122E+03
 0.1020507812E+00  0.8322890585E+03  0.6246163599E+03
 0.1030273438E+00  0.8318921349E+03  0.6241831809E+03
 0.1040039062E+00  0.8314947237E+03  0.6237478028E+03
 0.1049804688E+00  0.8310968219E+03  0.6233102527E+03
 0.1059570312E+00  0.8306984268E+03  0.6228705578E+03
 0.1069335938E+00  0.8302995353E+03  0.6224287449E+03
 0.1079101562E+00  0.8299001448E+03  0.6219848406E+03
 0.1088867188E+00  0.8295002526E+03  0.6215388714E+03
 0.1098632812E+00  0.8290998558E+03  0.6210908636E+03
 0.1108398438E+00  0.8286989519E+03  0.6206408430E+03
 0.1118164062E+00  0.8282975383E+03  0.6201888355E+03
 0.1127929688E+00  0.8278956124E+03  0.6197348666E+03
 0.1137695312E+00  0.8274931717E+03  0.6192789619E+03
 0.1147460938E+00  0.8270902137E+03  0.6188211463E+03
 0.1157226562E+00  0.8266867361E+03  0.6183614449E+03
 0.1166992188E+00  0.8262827365E+03  0.6178998824E+03
 0.1176757812E+00  0.8258782125E+03  0.6174364833E+03
 0.1186523438E+00  0.8254731620E+03  0.6169712722E+03
 0.1196289062E+00  0.8250675825E+03  0.6165042730E+03
 0.1206054688E+00  0.8246614721E+03  0.6160355097E+03
 0.1215820312E+00  0.8242548284E+03  0.6155650061E+03
 0.1225585938E+00  0.8238476495E+03  0.6150927858E+03
 0.1235351562E+00  0.8234399332E+03  0.6146188720E+03
 0.1245117188E+00  0.8230316775E+03  0.6141432880E+03
 0.1254882812E+00  0.8226228805E+03  0.6136660567E+03
 0.1264648438E+00  0.8222135403E+03  0.6131872008E+03
 0.1274414062E+00  0.8218036549E+03  0.6127067430E+03
 0.1284179688E+00  0.8213932224E+03  0.6122247057E+03
 0.1293945312E+00  0.8209822412E+03  0.6117411110E+03
 0.1303710938E+00  0.8205707094E+03  0.6112559809E+03
 0.1313476562E+00  0.8201586253E+03  0.6107693373E+03
 0.1323242188E+00  0.8197459871E+03  0.6102812018E+03
 0.1333007812E+00  0.8193327933E+03  0.6097915958E+03
 0.1342773438E+00  0.8189190423E+03  0.6093005405E+03
 0.1352539062E+00  0.8185047324E+03  0.6088080571E+03
 0.1362304688E+00  0.8180898622E+03  0.6083141664E+03
 0.1372070312E+00  0.8176744301E+03  0.6078188892E+03
 0.1381835938E+00  0.8172584347E+03  0.6073222459E+03
 0.1391601562E+00  0.8168418746E+03  0.6068242569E+03
 0.1401367188E+00  0.8164247483E+03  0.6063249424E+03
 0.1411132812E+00  0.8160070546E+03  0.6058243223E+03
 0.1420898438E+00  0.8155887922E+03  0.6053224165E+03
 0.1430664062E+00  0.8151699597E+03  0.6048192445E+03
 0.1440429688E+00  0.8147505559E+03  0.6043148259E+03
 0.1450195312E+00  0.8143305796E+03  0.6038091799E+03
 0.1459960938E+00  0.8139100297E+03  0.6033023255E+03
 0.1469726562E+00  0.8134889051E+03  0.6027942818E+03
 0.1479492188E+00  0.8130672045E+03  0.6022850676E+03
 0.1489257812E+00  0.8126449271E+03  0.6017747013E+03
 0.1499023438E+00  0.8122220716E+03  0.6012632014E+03
 0.1508789062E+00  0.8117986373E+03  0.6007505862E+03
 0.1518554688E+00  0.8113746230E+03  0.6002368737E+03
 0.1528320312E+00  0.8109500278E+03  0.5997220819E+03
 0.1538085938E+00  0.8105248510E+03  0.5992062286E+03
 0.1547851562E+00  0.8100990915E+03  0.5986893312E+03
 0.1557617188E+00  0.8096727486E+03  0.5981714072E+03
 0.1567382812E+00  0.8092458215E+03  0.5976524740E+03
 0.1577148438E+00  0.8088183094E+03  0.5971325485E+03
 0.1586914062E+00  0.8083902116E+03  0.5966116478E+03
 0.1596679688E+00  0.8079615273E+03  0.5960897886E+03
 0.1606445312E+00  0.8075322559E+03  0.5955669875E+03
 0.1616210938E+00  0.8071023968E+03  0.5950432610E+03
 0.1625976562E+00  0.8066719493E+03  0.5945186254E+03
 0.1635742188E+00  0.8062409128E+03  0.5939930969E+03
 0.1645507812E+00  0.8058092869E+03  0.5934666914E+03
 0.1655273438E+00  0.8053770709E+03  0.5929394249E+03
 0.1665039062E+00  0.8049442644E+03  0.5924113129E+03
 0.1674804688E+00  0.8045108669E+03  0.5918823710E+03
 0.1684570312E+00  0.8040768780E+03  0.5913526146E+03
 0.1694335938E+00  0.8036422973E+03  0.5908220590E+03
 0.1704101562E+00  0.8032071243E+03  0.5902907193E+03
 0.1713867188E+00  0.8027713588E+03  0.5897586103E+03
 0.1723632812E+00  0.8023350003E+03  0.5892257469E+03
 0.1733398438E+00  0.8018980487E+03  0.5886921438E+03
 0.1743164062E+00  0.8014605036E+03  0.5881578154E+03
 0.1752929688E+00  0.8010223647E+03  0.5876227761E+03
 0.1762695312E+00  0.8005836319E+03  0.5870870401E+03
 0.1772460938E+00  0.8001443050E+03  0.5865506216E+03
 0.1782226562E+00  0.7997043838E+03  0.5860135344E+03
 0.1791992188E+00  0.7992638681E+03  0.5854757923E+03
 0.1801757812E+00  0.7988227578E+03  0.5849374090E+03
 0.1811523438E+00  0.7983810529E+03  0.5843983981E+03
 0.1821289062E+00  0.7979387533E+03  0.5838587728E+03
 0.1831054688E+00  0.7974958589E+03  0.5833185466E+03
 0.1840820312E+00  0.7970523697E+03  0.5827777324E+03
 0.1850585938E+00  0.7966082857E+03  0.5822363433E+03
 0.1860351562E+00  0.7961636070E+03  0.5816943920E+03
 0.1870117188E+00  0.7957183335E+03  0.5811518914E+03
 0.1879882812E+00  0.7952724655E+03  0.5806088540E+03
 0.1889648438E+00  0.7948260029E+03  0.5800652923E+03
 0.1899414062E+00  0.7943789458E+03  0.5795212186E+03
 0.1909179688E+00  0.7939312946E+03  0.5789766451E+03
 0.1918945312E+00  0.7934830492E+03  0.5784315839E+03
 0.1928710938E+00  0.7930342099E+03  0.5778860469E+03
 0.1938476562E+00  0.7925847769E+03  0.5773400459E+03
 0.1948242188E+00  0.7921347505E+03  0.5767935927E+03
 0.1958007812E+00  0.7916841308E+03  0.5762466988E+03
 0.1967773438E+00  0.7912329182E+03  0.5756993757E+03
 0.1977539062E+00  0.7907811130E+03  0.5751516347E+03
 0.1987304688E+00  0.7903287154E+03  0.5746034871E+03
 0.1997070312E+00  0.7898757258E+03  0.5740549438E+03
 0.2006835938E+00  0.7894221447E+03  0.5735060160E+03
 0.2016601562E+00  0.7889679722E+03  0.5729567145E+03
 0.2026367188E+00  0.7885132089E+03  0.5724070499E+03
 0.2036132812E+00  0.7880578552E+03  0.5718570330E+03
 0.2045898438E+00  0.7876019114E+03  0.5713066743E+03
 0.2055664062E+00  0.7871453781E+03  0.5707559841E+03
 0.2065429688E+00  0.7866882558E+03  0.5702049728E+03
 0.2075195312E+00  0.7862305448E+03  0.5696536505E+03
 0.2084960938E+00  0.7857722458E+03  0.5691020273E+03
 0.2094726562E+00  0.7853133593E+03  0.5685501132E+03
 0.2104492188E+00  0.7848538857E+03  0.5679979180E+03
 0.2114257812E+00  0.7843938258E+03  0.5674454514E+03
 0.2124023438E+00  0.7839331800E+03  0.5668927232E+03
 0.2133789062E+00  0.7834719490E+03  0.5663397427E+03
 0.2143554688E+00  0.7830101333E+03  0.5657865196E+03
 0.2153320312E+00  0.7825477337E+03  0.5652330630E+03
 0.2163085938E+00  0.7820847508E+03  0.5646793823E+03
 0.2172851562E+00  0.7816211852E+03  0.5641254864E+03
 0.2182617188E+00  0.7811570377E+03  0.5635713846E+03
 0.2192382812E+00  0.7806923089E+03  0.5630170856E+03
 0.2202148438E+00  0.7802269996E+03  0.5624625983E+03
 0.2211914062E+00  0.7797611105E+03  0.5619079314E+03
 0.2221679688E+00  0.7792946423E+03  0.5613530935E+03
 0.2231445312E+00  0.7788275959E+03  0.5607980933E+03
 0.2241210938E+00  0.7783599719E+03  0.5602429390E+03
 0.2250976562E+00  0.7778917713E+03  0.5596876391E+03
 0.2260742188E+00  0.7774229948E+03  0.5591322018E+03
 0.2270507812E+00  0.7769536432E+03  0.5585766353E+03
 0.2280273438E+00  0.7764837175E+03  0.5580209476E+03
 0.2290039062E+00  0.7760132184E+03  0.5574651467E+03
 0.2299804688E+00  0.7755421468E+03  0.5569092405E+03
 0.2309570312E+00  0.7750705036E+03  0.5563532367E+03
 0.2319335938E+00  0.7745982898E+03  0.5557971431E+03
 0.2329101562E+00  0.7741255062E+03  0.5552409674E+03
 0.2338867188E+00  0.7736521537E+03  0.5546847169E+03
 0.2348632812E+00  0.7731782334E+03  0.5541283993E+03
 0.2358398438E+00  0.7727037461E+03  0.5535720218E+03
 0.2368164062E+00  0.7722286929E+03  0.5530155917E+03
 0.2377929688E+00  0.7717530747E+03  0.5524591163E+03
 0.2387695312E+00  0.7712768926E+03  0.5519026026E+03
 0.2397460938E+00  0.7708001474E+03  0.5513460577E+03
 0.2407226562E+00  0.7703228403E+03  0.5507894886E+03
 0.2416992188E+00  0.7698449723E+03  0.5502329020E+03
 0.2426757812E+00  0.7693665445E+03  0.5496763049E+03
 0.2436523438E+00  0.7688875578E+03  0.5491197039E+03
 0.2446289062E+00  0.7684080134E+03  0.5485631057E+03
 0.2456054688E+00  0.7679279124E+03  0.5480065168E+03
 0.2465820312E+00  0.7674472558E+03  0.5474499438E+03
 0.2475585938E+00  0.7669660448E+03  0.5468933930E+03
 0.2485351562E+00  0.7664842805E+03  0.5463368708E+03
 0.2495117188E+00  0.7660019640E+03  0.5457803835E+03
 0.2504882812E+00  0.7655190964E+03  0.5452239373E+03
 0.2514648438E+00  0.7650356790E+03  0.5446675383E+03
 0.2524414062E+00  0.7645517128E+03  0.5441111925E+03
 0.2534179688E+00  0.7640671991E+03  0.5435549060E+03
 0.2543945312E+00  0.7635821390E+03  0.5429986846E+03
 0.2553710938E+00  0.7630965338E+03  0.5424425343E+03
 0.2563476562E+00  0.7626103845E+03  0.5418864609E+03
 0.2573242188E+00  0.7621236926E+03  0.5413304699E+03
 0.2583007812E+00  0.7616364592E+03  0.5407745671E+03
 0.2592773438E+00  0.7611486854E+03  0.5402187582E+03
 0.2602539062E+00  0.7606603727E+03  0.5396630485E+03
 0.2612304688E+00  0.7601715222E+03  0.5391074436E+03
 0.2622070312E+00  0.7596821352E+03  0.5385519489E+03
 0.2631835938E+00  0.7591922130E+03  0.5379965697E+03
 0.2641601562E+00  0.7587017568E+03  0.5374413113E+03
 0.2651367188E+00  0.7582107680E+03  0.5368861788E+03
 0.2661132812E+00  0.7577192479E+03  0.5363311776E+03
 0.2670898438E+00  0.7572271978E+03  0.5357763126E+03
 0.2680664062E+00  0.7567346190E+03  0.5352215890E+03
 0.2690429688E+00  0.7562415129E+03  0.5346670116E+03
 0.2700195312E+00  0.7557478807E+03  0.5341125854E+03
 0.2709960938E+00  0.7552537239E+03  0.5335583153E+03
 0.2719726562E+00  0.7547590438E+03  0.5330042062E+03
 0.2729492188E+00  0.7542638417E+03  0.5324502627E+03
 0.2739257812E+00  0.7537681191E+03  0.5318964896E+03
 0.2749023438E+00  0.7532718774E+03  0.5313428915E+03
 0.2758789062E+00  0.7527751178E+03  0.5307894730E+03
 0.2768554688E+00  0.7522778419E+03  0.5302362387E+03
 0.2778320312E+00  0.7517800510E+03  0.5296831932E+03
 0.2788085938E+00  0.7512817466E+03  0.5291303407E+03
 0.2797851562E+00  0.7507829301E+03  0.5285776858E+03
 0.2807617188E+00  0.7502836029E+03  0.5280252327E+03
 0.2817382812E+00  0.7497837664E+03  0.5274729858E+03
 0.2827148438E+00  0.7492834221E+03  0.5269209494E+03
 0.2836914062E+00  0.7487825715E+03  0.5263691276E+03
 0.2846679688E+00  0.7482812161E+03  0.5258175246E+03
 0.2856445312E+00  0.7477793572E+03  0.5252661445E+03
 0.2866210938E+00  0.7472769963E+03  0.5247149914E+03
 0.2875976562E+00  0.7467741351E+03  0.5241640693E+03
 0.2885742188E+00  0.7462707748E+03  0.5236133821E+03
 0.2895507812E+00  0.7457669172E+03  0.5230629339E+03
 0.2905273438E+00  0.7452625635E+03  0.5225127284E+03
 0.2915039062E+00  0.7447577154E+03  0.5219627696E+03
 0.2924804688E+00  0.7442523744E+03  0.5214130613E+03
 0.2934570312E+00  0.7437465420E+03  0.5208636072E+03
 0.2944335938E+00  0.7432402198E+03  0.5203144110E+03
 0.2954101562E+00  0.7427334092E+03  0.5197654765E+03
 0.2963867188E+00  0.7422261118E+03  0.5192168072E+03
 0.2973632812E+00  0.7417183292E+03  0.5186684068E+03
 0.2983398438E+00  0.7412100629E+03  0.5181202788E+03
 0.2993164062E+00  0.7407013145E+03  0.5175724269E+03
 0.3002929688E+00  0.7401920856E+03  0.5170248543E+03
 0.3012695312E+00  0.7396823777E+03  0.5164775647E+03
 0.3022460938E+00  0.7391721924E+03  0.5159305615E+03
 0.3032226562E+00  0.7386615313E+03  0.5153838479E+03
 0.3041992188E+00  0.7381503959E+03  0.5148374274E+03
 0.3051757812E+00  0.7376387880E+03  0.5142913033E+03
 0.3061523438E+00  0.7371267090E+03  0.5137454788E+03
 0.3071289062E+00  0.7366141607E+03  0.5131999572E+03
 0.3081054688E+00  0.7361011445E+03  0.5126547417E+03
 0.3090820312E+00  0.7355876622E+03  0.5121098355E+03
 0.3100585938E+00  0.7350737154E+03  0.5115652416E+03
 0.3110351562E+00  0.7345593056E+03  0.5110209633E+03
 0.3120117188E+00  0.7340444345E+03  0.5104770037E+03
 0.3129882812E+00  0.7335291038E+03  0.5099333656E+03
 0.3139648438E+00  0.7330133152E+03  0.5093900522E+03
 0.3149414062E+00  0.7324970701E+03  0.5088470665E+03
 0.3159179688E+00  0.7319803704E+03  0.5083044114E+03
 0.3168945312E+00  0.7314632176E+03  0.5077620898E+03
 0.3178710938E+00  0.7309456135E+03  0.5072201047E+03
 0.3188476562E+00  0.7304275597E+03  0.5066784589E+03
 0.3198242188E+00  0.7299090578E+03  0.5061371552E+03
 0.3208007812E+00  0.7293901096E+03  0.5055961964E+03
 0.3217773438E+00  0.7288707167E+03  0.5050555855E+03
 0.3227539062E+00  0.7283508809E+03  0.5045153250E+03
 0.3237304688E+00  0.7278306038E+03  0.5039754177E+03
 0.3247070312E+00  0.7273098871E+03  0.5034358665E+03
 0.3256835938E+00  0.7267887325E+03  0.5028966738E+03
 0.3266601562E+00  0.7262671417E+03  0.5023578424E+03
 0.3276367188E+00  0.7257451165E+03  0.5018193749E+03
 0.3286132812E+00  0.7252226585E+03  0.5012812740E+03
 0.3295898438E+00  0.7246997694E+03  0.5007435421E+03
 0.3305664062E+00  0.7241764510E+03  0.5002061819E+03
 0.3315429688E+00  0.7236527051E+03  0.4996691959E+03
 0.3325195312E+00  0.7231285332E+03  0.4991325866E+03
 0.3334960938E+00  0.7226039373E+03  0.4985963565E+03
 0.3344726562E+00  0.7220789189E+03  0.4980605081E+03
 0.3354492188E+00  0.7215534799E+03  0.4975250437E+03
 0.3364257812E+00  0.7210276219E+03  0.4969899659E+03
 0.3374023438E+00  0.7205013469E+03  0.4964552770E+03
 0.3383789062E+00  0.7199746564E+03  0.4959209794E+03
 0.3393554688E+00  0.7194475522E+03  0.4953870755E+03
 0.3403320312E+00  0.7189200361E+03  0.4948535675E+03
 0.3413085938E+00  0.7183921100E+03  0.4943204579E+03
 0.3422851562E+00  0.7178637754E+03  0.4937877488E+03
 0.3432617188E+00  0.7173350343E+03  0.4932554427E+03
 0.3442382812E+00  0.7168058883E+03  0.4927235417E+03
 0.3452148438E+00  0.7162763393E+03  0.4921920481E+03
 0.3461914062E+00  0.7157463890E+03  0.4916609641E+03
 0.3471679688E+00  0.7152160392E+03  0.4911302919E+03
 0.3481445312E+00  0.7146852917E+03  0.4906000337E+03
 0.3491210938E+00  0.7141541483E+03  0.4900701917E+03
 0.3500976562E+00  0.7136226108E+03  0.4895407679E+03
 0.3510742188E+00  0.7130906810E+03  0.4890117646E+03
 0.3520507812E+00  0.7125583607E+03  0.4884831839E+03
 0.3530273438E+00  0.7120256516E+03  0.4879550278E+03
 0.3540039062E+00  0.7114925556E+03  0.4874272984E+03
 0.3549804688E+00  0.7109590745E+03  0.4868999978E+03
 0.3559570312E+00  0.7104252101E+03  0.4863731281E+03
 0.3569335938E+00  0.7098909643E+03  0.4858466912E+03
 0.3579101562E+00  0.7093563387E+03  0.4853206892E+03
 0.3588867188E+00  0.7088213353E+03  0.4847951241E+03
 0.3598632812E+00  0.7082859559E+03  0.4842699979E+03
 0.3608398438E+00  0.7077502023E+03  0.4837453125E+03
 0.3618164062E+00  0.7072140763E+03  0.4832210700E+03
 0.3627929688E+00  0.7066775798E+03  0.4826972721E+03
 0.3637695312E+00  0.7061407145E+03  0.4821739210E+03
 0.3647460938E+00  0.7056034824E+03  0.4816510184E+03
 0.3657226562E+00  0.7050658853E+03  0.4811285663E+03
 0.3666992188E+00  0.7045279249E+03  0.4806065666E+03
 0.3676757812E+00  0.7039896032E+03  0.4800850211E+03
 0.3686523438E+00  0.7034509220E+03  0.4795639317E+03
 0.3696289062E+00  0.7029118831E+03  0.4790433002E+03
 0.3706054688E+00  0.7023724884E+03  0.4785231285E+03
 0.3715820312E+00  0.7018327398E+03  0.4780034185E+03
 0.3725585938E+00  0.7012926390E+03  0.4774841718E+03
 0.3735351562E+00  0.7007521880E+03  0.4769653903E+03
 0.3745117188E+00  0.7002113887E+03  0.4764470758E+03
 0.3754882812E+00  0.6996702428E+03  0.4759292300E+03
 0.3764648438E+00  0.6991287522E+03  0.4754118548E+03
 0.3774414062E+00  0.6985869189E+03  0.4748949518E+03
 0.3784179688E+00  0.6980447446E+03  0.4743785229E+03
 0.3793945312E+00  0.6975022313E+03  0.4738625696E+03
 0.3803710938E+00  0.6969593808E+03  0.4733470938E+03
 0.3813476562E+00  0.6964161950E+03  0.4728320971E+03
 0.3823242188E+00  0.6958726758E+03  0.4723175812E+03
 0.3833007812E+00  0.6953288250E+03  0.4718035479E+03
 0.3842773438E+00  0.6947846446E+03  0.4712899987E+03
 0.3852539062E+00  0.6942401364E+03  0.4707769354E+03
 0.3862304688E+00  0.6936953023E+03  0.4702643596E+03
 0.3872070312E+00  0.6931501442E+03  0.4697522728E+03
 0.3881835938E+00  0.6926046639E+03  0.4692406769E+03
 0.3891601562E+00  0.6920588635E+03  0.4687295733E+03
 0.3901367188E+00  0.6915127447E+03  0.4682189637E+03
 0.3911132812E+00  0.6909663094E+03  0.4677088498E+03
 0.3920898438E+00  0.6904195597E+03  0.4671992329E+03
 0.3930664062E+00  0.6898724973E+03  0.4666901149E+03
 0.3940429688E+00  0.6893251241E+03  0.4661814972E+03
 0.3950195312E+00  0.6887774421E+03  0.4656733814E+03
 0.3959960938E+00  0.6882294532E+03  0.4651657690E+03
 0.3969726562E+00  0.6876811592E+03  0.4646586617E+03
 0.3979492188E+00  0.6871325621E+03  0.4641520608E+03
 0.3989257812E+00  0.6865836638E+03  0.4636459681E+03
 0.3999023438E+00  0.6860344662E+03  0.4631403849E+03
 0.4008789062E+00  0.6854849712E+03  0.4626353128E+03
 0.4018554688E+00  0.6849351808E+03  0.4621307533E+03
 0.4028320312E+00  0.6843850967E+03  0.4616267079E+03
 0.4038085938E+00  0.6838347210E+03  0.4611231781E+03
 0.4047851562E+00  0.6832840556E+03  0.4606201654E+03
 0.4057617188E+00  0.6827331024E+03  0.4601176711E+03
 0.4067382812E+00  0.6821818634E+03  0.4596156969E+03
 0.4077148438E+00  0.6816303403E+03  0.4591142441E+03
 0.4086914062E+00  0.6810785352E+03  0.4586133142E+03
 0.4096679688E+00  0.6805264500E+03  0.4581129086E+03
 0.4106445312E+00  0.6799740867E+03  0.4576130288E+03
 0.4116210938E+00  0.6794214470E+03  0.4571136762E+03
 0.4125976562E+00  0.6788685331E+03  0.4566148522E+03
 0.4135742188E+00  0.6783153468E+03  0.4561165582E+03
 0.4145507812E+00  0.6777618900E+03  0.4556187956E+03
 0.4155273438E+00  0.6772081647E+03  0.4551215659E+03
 0.4165039062E+00  0.6766541728E+03  0.4546248703E+03
 0.4174804688E+00  0.6760999162E+03  0.4541287103E+03
 0.4184570312E+00  0.6755453969E+03  0.4536330873E+03
 0.4194335938E+00  0.6749906169E+03  0.4531380026E+03
 0.4204101562E+00  0.6744355781E+03  0.4526434576E+03
 0.4213867188E+00  0.6738802823E+03  0.4521494537E+03
 0.4223632812E+00  0.6733247316E+03  0.4516559921E+03
 0.4233398438E+00  0.6727689279E+03  0.4511630743E+03
 0.4243164062E+00  0.6722128732E+03  0.4506707016E+03
 0.4252929688E+00  0.6716565693E+03  0.4501788752E+03
 0.4262695312E+00  0.6711000183E+03  0.4496875966E+03
 0.4272460938E+00  0.6705432220E+03  0.4491968670E+03
 0.4282226562E+00  0.6699861826E+03  0.4487066878E+03
 0.4291992188E+00  0.6694289017E+03  0.4482170602E+03
 0.4301757812E+00  0.6688713816E+03  0.4477279856E+03
 0.4311523438E+00  0.6683136240E+03  0.4472394652E+03
 0.4321289062E+00  0.6677556310E+03  0.4467515003E+03
 0.4331054688E+00  0.6671974045E+03  0.4462640923E+03
 0.4340820312E+00  0.6666389464E+03  0.4457772423E+03
 0.4350585938E+00  0.6660802588E+03  0.4452909516E+03
 0.4360351562E+00  0.6655213436E+03  0.4448052216E+03
 0.4370117188E+00  0.6649622026E+03  0.4443200535E+03
 0.4379882812E+00  0.6644028380E+03  0.4438354484E+03
 0.4389648438E+00  0.6638432516E+03  0.4433514077E+03
 0.4399414062E+00  0.6632834455E+03  0.4428679326E+03
 0.4409179688E+00  0.6627234215E+03  0.4423850244E+03
 0.4418945312E+00  0.6621631817E+03  0.4419026842E+03
 0.4428710938E+00  0.6616027280E+03  0.4414209133E+03
 0.4438476562E+00  0.6610420623E+03  0.4409397129E+03
 0.4448242188E+00  0.6604811867E+03  0.4404590842E+03
 0.4458007812E+00  0.6599201031E+03  0.4399790284E+03
 0.4467773438E+00  0.6593588135E+03  0.4394995467E+03
 0.4477539062E+00  0.6587973198E+03  0.4390206404E+03
 0.4487304688E+00  0.6582356241E+03  0.4385423106E+03
 0.4497070312E+00  0.6576737282E+03  0.4380645584E+03
 0.4506835938E+00  0.6571116342E+03  0.4375873851E+03
 0.4516601562E+00  0.6565493440E+03  0.4371107918E+03
 0.4526367188E+00  0.6559868596E+03  0.4366347798E+03
 0.4536132812E+00  0.6554241829E+03  0.4361593501E+03
 0.4545898438E+00  0.6548613160E+03  0.4356845040E+03
 0.4555664062E+00  0.6542982608E+03  0.4352102425E+03
 0.4565429688E+00  0.6537350193E+03  0.4347365669E+03
 0.4575195312E+00  0.6531715935E+03  0.4342634783E+03
 0.4584960938E+00  0.6526079853E+03  0.4337909778E+03
 0.4594726562E+00  0.6520441967E+03  0.4333190665E+03
 0.4604492188E+00  0.6514802297E+03  0.4328477456E+03
 0.4614257812E+00  0.6509160863E+03  0.4323770162E+03
 0.4624023438E+00  0.6503517684E+03  0.4319068794E+03
 0.4633789062E+00  0.6497872781E+03  0.4314373364E+03
 0.4643554688E+00  0.6492226172E+03  0.4309683882E+03
 0.4653320312E+00  0.6486577878E+03  0.4305000359E+03
 0.4663085938E+00  0.6480927919E+03  0.4300322807E+03
 0.4672851562E+00  0.6475276315E+03  0.4295651237E+03
 0.4682617188E+00  0.6469623084E+03  0.4290985658E+03
 0.4692382812E+00  0.6463968248E+03  0.4286326083E+03
 0.4702148438E+00  0.6458311825E+03  0.4281672522E+03
 0.4711914062E+00  0.6452653836E+03  0.4277024985E+03
 0.4721679688E+00  0.6446994300E+03  0.4272383484E+03
 0.4731445312E+00  0.6441333238E+03  0.4267748029E+03
 0.4741210938E+00  0.6435670669E+03  0.4263118630E+03
 0.4750976562E+00  0.6430006613E+03  0.4258495299E+03
 0.4760742188E+00  0.6424341089E+03  0.4253878045E+03
 0.4770507812E+00  0.6418674118E+03  0.4249266880E+03
 0.4780273438E+00  0.6413005719E+03  0.4244661813E+03
 0.4790039062E+00  0.6407335913E+03  0.4240062855E+03
 0.4799804688E+00  0.6401664718E+03  0.4235470017E+03
 0.4809570312E+00  0.6395992156E+03  0.4230883308E+03
 0.4819335938E+00  0.6390318245E+03  0.4226302740E+03
 0.4829101562E+00  0.6384643005E+03  0.4221728321E+03
 0.4838867188E+00  0.6378966457E+03  0.4217160062E+03
 0.4848632812E+00  0.6373288620E+03  0.4212597974E+03
 0.4858398438E+00  0.6367609514E+03  0.4208042066E+03
 0.4868164062E+00  0.6361929159E+03  0.4203492349E+03
 0.4877929688E+00  0.6356247575E+03  0.4198948832E+03
 0.4887695312E+00  0.6350564781E+03  0.4194411525E+03
 0.4897460938E+00  0.6344880798E+03  0.4189880439E+03
 0.4907226562E+00  0.6339195645E+03  0.4185355582E+03
 0.4916992188E+00  0.6333509341E+03  0.4180836965E+03
 0.4926757812E+00  0.6327821908E+03  0.4176324598E+03
 0.4936523438E+00  0.6322133364E+03  0.4171818490E+03
 0.4946289062E+00  0.6316443729E+03  0.4167318651E+03
 0.4956054688E+00  0.6310753024E+03  0.4162825090E+03
 0.4965820312E+00  0.6305061267E+03  0.4158337818E+03
 0.4975585938E+00  0.6299368480E+03  0.4153856843E+03
 0.4985351562E+00  0.6293674681E+03  0.4149382175E+03
 0.4995117188E+00  0.6287979890E+03  0.4144913824E+03
 0.5004882812E+00  0.6282284128E+03  0.4140451799E+03
 0.5014648438E+00  0.6276587414E+03  0.4135996109E+03
 0.5024414062E+00  0.6270889767E+03  0.4131546763E+03
 0.5034179688E+00  0.6265191208E+03  0.4127103772E+03
 0.5043945312E+00  0.6259491756E+03  0.4122667143E+03
 0.5053710938E+00  0.6253791431E+03  0.4118236886E+03
 0.5063476562E+00  0.6248090253E+03  0.4113813011E+03
 0.5073242188E+00  0.6242388241E+03  0.4109395527E+03
 0.5083007812E+00  0.6236685416E+03  0.4104984442E+03
 0.5092773438E+00  0.6230981796E+03  0.4100579765E+03
 0.5102539062E+00  0.6225277402E+03  0.4096181506E+03
 0.5112304688E+00  0.6219572252E+03  0.4091789673E+03
 0.5122070312E+00  0.6213866368E+03  0.4087404275E+03
 0.5131835938E+00  0.6208159769E+03  0.4083025322E+03
 0.5141601562E+00  0.6202452473E+03  0.4078652821E+03
 0.5151367188E+00  0.6196744501E+03  0.4074286782E+03
 0.5161132812E+00  0.6191035873E+03  0.4069927213E+03
 0.5170898438E+00  0.6185326607E+03  0.4065574123E+03
 0.5180664062E+00  0.6179616724E+03  0.4061227521E+03
 0.5190429688E+00  0.6173906243E+03  0.4056887414E+03
 0.5200195312E+00  0.6168195183E+03  0.4052553813E+03
 0.5209960938E+00  0.6162483565E+03  0.4048226724E+03
 0.5219726562E+00  0.6156771406E+03  0.4043906158E+03
 0.5229492188E+00  0.6151058728E+03  0.4039592121E+03
 0.5239257812E+00  0.6145345549E+03  0.4035284622E+03
 0.5249023438E+00  0.6139631889E+03  0.4030983670E+03
 0.5258789062E+00  0.6133917767E+03  0.4026689273E+03
 0.5268554688E+00  0.6128203203E+03  0.4022401439E+03
 0.5278320312E+00  0.6122488215E+03  0.4018120177E+03
 0.5288085938E+00  0.6116772823E+03  0.4013845494E+03
 0.5297851562E+00  0.6111057046E+03  0.4009577399E+03
 0.5307617188E+00  0.6105340903E+03  0.4005315899E+03
 0.5317382812E+00  0.6099624414E+03  0.4001061003E+03
 0.5327148438E+00  0.6093907598E+03  0.3996812719E+03
 0.5336914062E+00  0.6088190473E+03  0.3992571054E+03
 0.5346679688E+00  0.6082473059E+03  0.3988336017E+03
 0.5356445312E+00  0.6076755375E+03  0.3984107615E+03
 0.5366210938E+00  0.6071037439E+03  0.3979885856E+03
 0.5375976562E+00  0.6065319271E+03  0.3975670748E+03
 0.5385742188E+00  0.6059600889E+03  0.3971462299E+03
 0.5395507812E+00  0.6053882312E+03  0.3967260516E+03
 0.5405273438E+00  0.6048163558E+03  0.3963065408E+03
 0.5415039062E+00  0.6042444647E+03  0.3958876980E+03
 0.5424804688E+00  0.6036725597E+03  0.3954695242E+03
 0.5434570312E+00  0.6031006426E+03  0.3950520201E+03
 0.5444335938E+00  0.6025287152E+03  0.3946351864E+03
 0.5454101562E+00  0.6019567795E+03  0.3942190238E+03
 0.5463867188E+00  0.6013848372E+03  0.3938035332E+03
 0.5473632812E+00  0.6008128901E+03  0.3933887152E+03
 0.5483398438E+00  0.6002409401E+03  0.3929745705E+03
 0.5493164062E+00  0.5996689890E+03  0.3925610999E+03
 0.5502929688E+00  0.5990970385E+03  0.3921483042E+03
 0.5512695312E+00  0.5985250904E+03  0.3917361840E+03
 0.5522460938E+00  0.5979531465E+03  0.3913247401E+03
 0.5532226562E+00  0.5973812086E+03  0.3909139731E+03
 0.5541992188E+00  0.5968092783E+03  0.3905038838E+03
 0.5551757812E+00  0.5962373575E+03  0.3900944728E+03
 0.5561523438E+00  0.5956654478E+03  0.3896857410E+03
 0.5571289062E+00  0.5950935510E+03  0.3892776889E+03
 0.5581054688E+00  0.5945216687E+03  0.3888703173E+03
 0.5590820312E+00  0.5939498027E+03  0.3884636268E+03
 0.5600585938E+00  0.5933779545E+03  0.3880576182E+03
 0.5610351562E+00  0.5928061259E+03  0.3876522920E+03
 0.5620117188E+00  0.5922343185E+03  0.3872476491E+03
 0.5629882812E+00  0.5916625338E+03  0.3868436900E+03
 0.5639648438E+00  0.5910907736E+03  0.3864404155E+03
 0.5649414062E+00  0.5905190393E+03  0.3860378261E+03
 0.5659179688E+00  0.5899473326E+03  0.3856359226E+03
 0.5668945312E+00  0.5893756549E+03  0.3852347057E+03
 0.5678710938E+00  0.5888040079E+03  0.3848341758E+03
 0.5688476562E+00  0.5882323929E+03  0.3844343338E+03
 0.5698242188E+00  0.5876608115E+03  0.3840351803E+03
 0.5708007812E+00  0.5870892651E+03  0.3836367158E+03
 0.5717773438E+00  0.5865177551E+03  0.3832389411E+03
 0.5727539062E+00  0.5859462830E+03  0.3828418568E+03
 0.5737304688E+00  0.5853748501E+03  0.3824454635E+03
 0.5747070312E+00  0.5848034578E+03  0.3820497618E+03
 0.5756835938E+00  0.5842321074E+03  0.3816547523E+03
 0.5766601562E+00  0.5836608001E+03  0.3812604358E+03
 0.5776367188E+00  0.5830895373E+03  0.3808668127E+03
 0.5786132812E+00  0.5825183202E+03  0.3804738837E+03
 0.5795898438E+00  0.5819471499E+03  0.3800816495E+03
 0.5805664062E+00  0.5813760275E+03  0.3796901105E+03
 0.5815429688E+00  0.5808049544E+03  0.3792992675E+03
 0.5825195312E+00  0.5802339314E+03  0.3789091210E+03
 0.5834960938E+00  0.5796629596E+03  0.3785196716E+03
 0.5844726562E+00  0.5790920401E+03  0.3781309200E+03
 0.5854492188E+00  0.5785211739E+03  0.3777428666E+03
 0.5864257812E+00  0.5779503617E+03  0.3773555122E+03
 0.5874023438E+00  0.5773796045E+03  0.3769688572E+03
 0.5883789062E+00  0.5768089031E+03  0.3765829022E+03
 0.5893554688E+00  0.5762382584E+03  0.3761976479E+03
 0.5903320312E+00  0.5756676709E+03  0.3758130948E+03
 0.5913085938E+00  0.5750971414E+03  0.3754292435E+03
 0.5922851562E+00  0.5745266705E+03  0.3750460945E+03
 0.5932617188E+00  0.5739562587E+03  0.3746636485E+03
 0.5942382812E+00  0.5733859065E+03  0.3742819059E+03
 0.5952148438E+00  0.5728156145E+03  0.3739008674E+03
 0.5961914062E+00  0.5722453829E+03  0.3735205334E+03
 0.5971679688E+00  0.5716752120E+03  0.3731409046E+03
 0.5981445312E+00  0.5711051022E+03  0.3727619816E+03
 0.5991210938E+00  0.5705350535E+03  0.3723837647E+03
 0.6000976562E+00  0.5699650661E+03  0.3720062547E+03
 0.6010742188E+00  0.5693951400E+03  0.3716294521E+03
 0.6020507812E+00  0.5688252751E+03  0.3712533573E+03
 0.6030273438E+00  0.5682554713E+03  0.3708779710E+03
 0.6040039062E+00  0.5676857284E+03  0.3705032936E+03
 0.6049804688E+00  0.5671160461E+03  0.3701293258E+03
 0.6059570312E+00  0.5665464239E+03  0.3697560681E+03
 0.6069335938E+00  0.5659768615E+03  0.3693835209E+03
 0.6079101562E+00  0.5654073582E+03  0.3690116849E+03
 0.6088867188E+00  0.5648379133E+03  0.3686405605E+03
 0.6098632812E+00  0.5642685261E+03  0.3682701483E+03
 0.6108398438E+00  0.5636991957E+03  0.3679004489E+03
 0.6118164062E+00  0.5631299211E+03  0.3675314627E+03
 0.6127929688E+00  0.5625607012E+03  0.3671631903E+03
 0.6137695312E+00  0.5619915348E+03  0.3667956322E+03
 0.6147460938E+00  0.5614224206E+03  0.3664287889E+03
 0.6157226562E+00  0.5608533570E+03  0.3660626610E+03
 0.6166992188E+00  0.5602843426E+03  0.3656972490E+03
 0.6176757812E+00  0.5597153756E+03  0.3653325534E+03
 0.6186523438E+00  0.5591464542E+03  0.3649685747E+03
 0.6196289062E+00  0.5585775764E+03  0.3646053136E+03
 0.6206054688E+00  0.5580087401E+03  0.3642427704E+03
 0.6215820312E+00  0.5574399431E+03  0.3638809457E+03
 0.6225585938E+00  0.5568711829E+03  0.3635198400E+03
 0.6235351562E+00  0.5563024569E+03  0.3631594540E+03
 0.6245117188E+00  0.5557337625E+03  0.3627997880E+03
 0.6254882812E+00  0.5551650968E+03  0.3624408427E+03
 0.6264648438E+00  0.5545964566E+03  0.3620826186E+03
 0.6274414062E+00  0.5540278389E+03  0.3617251161E+03
 0.6284179688E+00  0.5534592402E+03  0.3613683359E+03
 0.6293945312E+00  0.5528906570E+03  0.3610122784E+03
 0.6303710938E+00  0.5523220854E+03  0.3606569442E+03
 0.6313476562E+00  0.5517535215E+03  0.3603023339E+03
 0.6323242188E+00  0.5511849613E+03  0.3599484479E+03
 0.6333007812E+00  0.5506164003E+03  0.3595952869E+03
 0.6342773438E+00  0.5500478340E+03  0.3592428514E+03
 0.6352539062E+00  0.5494792576E+03  0.3588911419E+03
 0.6362304688E+00  0.5489106663E+03  0.3585401590E+03
 0.6372070312E+00  0.5483420547E+03  0.3581899032E+03
 0.6381835938E+00  0.5477734175E+03  0.3578403752E+03
 0.6391601562E+00  0.5472047490E+03  0.3574915754E+03
 0.6401367188E+00  0.5466360433E+03  0.3571435044E+03
 0.6411132812E+00  0.5460672944E+03  0.3567961629E+03
 0.6420898438E+00  0.5454984958E+03  0.3564495514E+03
 0.6430664062E+00  0.5449296409E+03  0.3561036705E+03
 0.6440429688E+00  0.5443607228E+03  0.3557585208E+03
 0.6450195312E+00  0.5437917345E+03  0.3554141028E+03
 0.6459960938E+00  0.5432226683E+03  0.3550704172E+03
 0.6469726562E+00  0.5426535168E+03  0.3547274647E+03
 0.6479492188E+00  0.5420842718E+03  0.3543852457E+03
 0.6489257812E+00  0.5415149252E+03  0.3540437610E+03
 0.6499023438E+00  0.5409454683E+03  0.3537030112E+03
 0.6508789062E+00  0.5403758923E+03  0.3533629968E+03
 0.6518554688E+00  0.5398061881E+03  0.3530237187E+03
 0.6528320312E+00  0.5392363462E+03  0.3526851774E+03
 0.6538085938E+00  0.5386663567E+03  0.3523473735E+03
 0.6547851562E+00  0.5380962096E+03  0.3520103079E+03
 0.6557617188E+00  0.5375258945E+03  0.3516739811E+03
 0.6567382812E+00  0.5369554005E+03  0.3513383938E+03
 0.6577148438E+00  0.5363847166E+03  0.3510035469E+03
 0.6586914062E+00  0.5358138313E+03  0.3506694409E+03
 0.6596679688E+00  0.5352427327E+03  0.3503360766E+03
 0.6606445312E+00  0.5346714088E+03  0.3500034547E+03
 0.6616210938E+00  0.5340998470E+03  0.3496715761E+03
 0.6625976562E+00  0.5335280343E+03  0.3493404415E+03
 0.6635742188E+00  0.5329559576E+03  0.3490100516E+03
 0.6645507812E+00  0.5323836031E+03  0.3486804072E+03
 0.6655273438E+00  0.5318109568E+03  0.3483515093E+03
 0.6665039062E+00  0.5312380044E+03  0.3480233585E+03
 0.6674804688E+00  0.5306647309E+03  0.3476959557E+03
 0.6684570312E+00  0.5300911211E+03  0.3473693018E+03
 0.6694335938E+00  0.5295171595E+03  0.3470433977E+03
 0.6704101562E+00  0.5289428299E+03  0.3467182442E+03
 0.6713867188E+00  0.5283681159E+03  0.3463938422E+03
 0.6723632812E+00  0.5277930007E+03  0.3460701927E+03
 0.6733398438E+00  0.5272174669E+03  0.3457472967E+03
 0.6743164062E+00  0.5266414968E+03  0.3454251549E+03
 0.6752929688E+00  0.5260650722E+03  0.3451037685E+03
 0.6762695312E+00  0.5254881746E+03  0.3447831385E+03
 0.6772460938E+00  0.5249107848E+03  0.3444632658E+03
 0.6782226562E+00  0.5243328835E+03  0.3441441515E+03
 0.6791992188E+00  0.5237544506E+03  0.3438257966E+03
 0.6801757812E+00  0.5231754658E+03  0.3435082023E+03
 0.6811523438E+00  0.5225959082E+03  0.3431913696E+03
 0.6821289062E+00  0.5220157565E+03  0.3428752997E+03
 0.6831054688E+00  0.5214349890E+03  0.3425599937E+03
 0.6840820312E+00  0.5208535834E+03  0.3422454528E+03
 0.6850585938E+00  0.5202715171E+03  0.3419316782E+03
 0.6860351562E+00  0.5196887668E+03  0.3416186712E+03
 0.6870117188E+00  0.5191053091E+03  0.3413064329E+03
 0.6879882812E+00  0.5185211196E+03  0.3409949647E+03
 0.6889648438E+00  0.5179361740E+03  0.3406842678E+03
 0.6899414062E+00  0.5173504472E+03  0.3403743436E+03
 0.6909179688E+00  0.5167639136E+03  0.3400651935E+03
 0.6918945312E+00  0.5161765473E+03  0.3397568189E+03
 0.6928710938E+00  0.5155883219E+03  0.3394492211E+03
 0.6938476562E+00  0.5149992104E+03  0.3391424017E+03
 0.6948242188E+00  0.5144091854E+03  0.3388363621E+03
 0.6958007812E+00  0.5138182191E+03  0.3385311038E+03
 0.6967773438E+00  0.5132262832E+03  0.3382266283E+03
 0.6977539062E+00  0.5126333489E+03  0.3379229374E+03
 0.6987304688E+00  0.5120393870E+03  0.3376200325E+03
 0.6997070312E+00  0.5114443678E+03  0.3373179153E+03
 0.7006835938E+00  0.5108482610E+03  0.3370165875E+03
 0.7016601562E+00  0.5102510362E+03  0.3367160508E+03
 0.7026367188E+00  0.5096526623E+03  0.3364163070E+03
 0.7036132812E+00  0.5090531078E+03  0.3361173578E+03
 0.7045898438E+00  0.5084523408E+03  0.3358192051E+03
 0.7055664062E+00  0.5078503290E+03  0.3355218507E+03
 0.7065429688E+00  0.5072470395E+03  0.3352252966E+03
 0.7075195312E+00  0.5066424394E+03  0.3349295447E+03
 0.7084960938E+00  0.5060364948E+03  0.3346345970E+03
 0.7094726562E+00  0.5054291720E+03  0.3343404554E+03
 0.7104492188E+00  0.5048204364E+03  0.3340471221E+03
 0.7114257812E+00  0.5042102535E+03  0.3337545991E+03
 0.7124023438E+00  0.5035985880E+03  0.3334628886E+03
 0.7133789062E+00  0.5029854045E+03  0.3331719927E+03
 0.7143554688E+00  0.5023706671E+03  0.3328819138E+03
 0.7153320312E+00  0.5017543397E+03  0.3325926540E+03
 0.7163085938E+00  0.5011363858E+03  0.3323042157E+03
 0.7172851562E+00  0.5005167686E+03  0.3320166013E+03
 0.7182617188E+00  0.4998954511E+03  0.3317298131E+03
 0.7192382812E+00  0.4992723957E+03  0.3314438535E+03
 0.7202148438E+00  0.4986475648E+03  0.3311587252E+03
 0.7211914062E+00  0.4980209206E+03  0.3308744306E+03
 0.7221679688E+00  0.4973924249E+03  0.3305909722E+03
 0.7231445312E+00  0.4967620393E+03  0.3303083528E+03
 0.7241210938E+00  0.4961297251E+03  0.3300265750E+03
 0.7250976562E+00  0.4954954437E+03  0.3297456415E+03
 0.7260742188E+00  0.4948591560E+03  0.3294655551E+03
 0.7270507812E+00  0.4942208229E+03  0.3291863187E+03
 0.7280273438E+00  0.4935804053E+03  0.3289079350E+03
 0.7290039062E+00  0.4929378637E+03  0.3286304070E+03
 0.7299804688E+00  0.4922931586E+03  0.3283537377E+03
 0.7309570312E+00  0.4916462506E+03  0.3280779301E+03
 0.7319335938E+00  0.4909971001E+03  0.3278029872E+03
 0.7329101562E+00  0.4903456675E+03  0.3275289122E+03
 0.7338867188E+00  0.4896919130E+03  0.3272557082E+03
 0.7348632812E+00  0.4890357973E+03  0.3269833784E+03
 0.7358398438E+00  0.4883772806E+03  0.3267119261E+03
 0.7368164062E+00  0.4877163234E+03  0.3264413546E+03
 0.7377929688E+00  0.4870528865E+03  0.3261716673E+03
 0.7387695312E+00  0.4863869304E+03  0.3259028675E+03
 0.7397460938E+00  0.4857184161E+03  0.3256349588E+03
 0.7407226562E+00  0.4850473045E+03  0.3253679445E+03
 0.7416992188E+00  0.4843735569E+03  0.3251018284E+03
 0.7426757812E+00  0.4836971348E+03  0.3248366139E+03
 0.7436523438E+00  0.4830179998E+03  0.3245723048E+03
 0.7446289062E+00  0.4823361138E+03  0.3243089048E+03
 0.7456054688E+00  0.4816514393E+03  0.3240464175E+03
 0.7465820312E+00  0.4809639387E+03  0.3237848469E+03
 0.7475585938E+00  0.4802735752E+03  0.3235241967E+03
 0.7485351562E+00  0.4795803121E+03  0.3232644709E+03
 0.7495117188E+00  0.4788841133E+03  0.3230056733E+03
 0.7504882812E+00  0.4781849430E+03  0.3227478081E+03
 0.7514648438E+00  0.4774827660E+03  0.3224908792E+03
 0.7524414062E+00  0.4767775477E+03  0.3222348906E+03
 0.7534179688E+00  0.4760692540E+03  0.3219798467E+03
 0.7543945312E+00  0.4753578513E+03  0.3217257514E+03
 0.7553710938E+00  0.4746433067E+03  0.3214726090E+03
 0.7563476562E+00  0.4739255880E+03  0.3212204239E+03
 0.7573242188E+00  0.4732046637E+03  0.3209692002E+03
 0.7583007812E+00  0.4724805029E+03  0.3207189424E+03
 0.7592773438E+00  0.4717530756E+03  0.3204696548E+03
 0.7602539062E+00  0.4710223524E+03  0.3202213419E+03
 0.7612304688E+00  0.4702883051E+03  0.3199740080E+03
 0.7622070312E+00  0.4695509059E+03  0.3197276578E+03
 0.7631835938E+00  0.4688101283E+03  0.3194822958E+03
 0.7641601562E+00  0.4680659465E+03  0.3192379265E+03
 0.7651367188E+00  0.4673183358E+03  0.3189945546E+03
 0.7661132812E+00  0.4665672722E+03  0.3187521847E+03
 0.7670898438E+00  0.4658127332E+03  0.3185108215E+03
 0.7680664062E+00  0.4650546971E+03  0.3182704697E+03
 0.7690429688E+00  0.4642931433E+03  0.3180311341E+03
 0.7700195312E+00  0.4635280523E+03  0.3177928194E+03
 0.7709960938E+00  0.4627594060E+03  0.3175555305E+03
 0.7719726562E+00  0.4619871872E+03  0.3173192721E+03
 0.7729492188E+00  0.4612113802E+03  0.3170840491E+03
 0.7739257812E+00  0.4604319705E+03  0.3168498664E+03
 0.7749023438E+00  0.4596489448E+03  0.3166167290E+03
 0.7758789062E+00  0.4588622912E+03  0.3163846417E+03
 0.7768554688E+00  0.4580719992E+03  0.3161536094E+03
 0.7778320312E+00  0.4572780597E+03  0.3159236372E+03
 0.7788085938E+00  0.4564804650E+03  0.3156947300E+03
 0.7797851562E+00  0.4556792089E+03  0.3154668928E+03
 0.7807617188E+00  0.4548742866E+03  0.3152401306E+03
 0.7817382812E+00  0.4540656950E+03  0.3150144484E+03
 0.7827148438E+00  0.4532534324E+03  0.3147898512E+03
 0.7836914062E+00  0.4524374987E+03  0.3145663441E+03
 0.7846679688E+00  0.4516178955E+03  0.3143439321E+03
 0.7856445312E+00  0.4507946259E+03  0.3141226202E+03
 0.7866210938E+00  0.4499676948E+03  0.3139024135E+03
 0.7875976562E+00  0.4491371086E+03  0.3136833170E+03
 0.7885742188E+00  0.4483028757E+03  0.3134653357E+03
 0.7895507812E+00  0.4474650059E+03  0.3132484747E+03
 0.7905273438E+00  0.4466235111E+03  0.3130327390E+03
 0.7915039062E+00  0.4457784046E+03  0.3128181336E+03
 0.7924804688E+00  0.4449297019E+03  0.3126046635E+03
 0.7934570312E+00  0.4440774201E+03  0.3123923336E+03
 0.7944335938E+00  0.4432215780E+03  0.3121811490E+03
 0.7954101562E+00  0.4423621967E+03  0.3119711146E+03
 0.7963867188E+00  0.4414992987E+03  0.3117622353E+03
 0.7973632812E+00  0.4406329086E+03  0.3115545161E+03
 0.7983398438E+00  0.4397630531E+03  0.3113479617E+03
 0.7993164062E+00  0.4388897604E+03  0.3111425771E+03
 0.8002929688E+00  0.4380130610E+03  0.3109383670E+03
 0.8012695312E+00  0.4371329872E+03  0.3107353363E+03
 0.8022460938E+00  0.4362495732E+03  0.3105334897E+03
 0.8032226562E+00  0.4353628552E+03  0.3103328319E+03
 0.8041992188E+00  0.4344728715E+03  0.3101333675E+03
 0.8051757812E+00  0.4335796622E+03  0.3099351013E+03
 0.8061523438E+00  0.4326832694E+03  0.3097380377E+03
 0.8071289062E+00  0.4317837373E+03  0.3095421814E+03
 0.8081054688E+00  0.4308811120E+03  0.3093475367E+03
 0.8090820312E+00  0.4299754417E+03  0.3091541082E+03
 0.8100585938E+00  0.4290667763E+03  0.3089619001E+03
 0.8110351562E+00  0.4281551681E+03  0.3087709169E+03
 0.8120117188E+00  0.4272406709E+03  0.3085811626E+03
 0.8129882812E+00  0.4263233410E+03  0.3083926416E+03
 0.8139648438E+00  0.4254032363E+03  0.3082053580E+03
 0.8149414062E+00  0.4244804167E+03  0.3080193157E+03
 0.8159179688E+00  0.4235549441E+03  0.3078345187E+03
 0.8168945312E+00  0.4226268825E+03  0.3076509711E+03
 0.8178710938E+00  0.4216962976E+03  0.3074686765E+03
 0.8188476562E+00  0.4207632572E+03  0.3072876387E+03
 0.8198242188E+00  0.4198278307E+03  0.3071078614E+03
 0.8208007812E+00  0.4188900897E+03  0.3069293482E+03
 0.8217773438E+00  0.4179501076E+03  0.3067521025E+03
 0.8227539062E+00  0.4170079594E+03  0.3065761277E+03
 0.8237304688E+00  0.4160637223E+03  0.3064014271E+03
 0.8247070312E+00  0.4151174751E+03  0.3062280040E+03
 0.8256835938E+00  0.4141692982E+03  0.3060558615E+03
 0.8266601562E+00  0.4132192741E+03  0.3058850025E+03
 0.8276367188E+00  0.4122674868E+03  0.3057154300E+03
 0.8286132812E+00  0.4113140220E+03  0.3055471467E+03
 0.8295898438E+00  0.4103589672E+03  0.3053801554E+03
 0.8305664062E+00  0.4094024114E+03  0.3052144586E+03
 0.8315429688E+00  0.4084444451E+03  0.3050500589E+03
 0.8325195312E+00  0.4074851607E+03  0.3048869585E+03
 0.8334960938E+00  0.4065246518E+03  0.3047251597E+03
 0.8344726562E+00  0.4055630137E+03  0.3045646646E+03
 0.8354492188E+00  0.4046003429E+03  0.3044054752E+03
 0.8364257812E+00  0.4036367377E+03  0.3042475935E+03
 0.8374023438E+00  0.4026722973E+03  0.3040910211E+03
 0.8383789062E+00  0.4017071226E+03  0.3039357596E+03
 0.8393554688E+00  0.4007413157E+03  0.3037818107E+03
 0.8403320312E+00  0.3997749798E+03  0.3036291755E+03
 0.8413085938E+00  0.3988082195E+03  0.3034778554E+03
 0.8422851562E+00  0.3978411402E+03  0.3033278515E+03
 0.8432617188E+00  0.3968738489E+03  0.3031791647E+03
 0.8442382812E+00  0.3959064532E+03  0.3030317958E+03
 0.8452148438E+00  0.3949390620E+03  0.3028857455E+03
 0.8461914062E+00  0.3939717849E+03  0.3027410144E+03
 0.8471679688E+00  0.3930047326E+03  0.3025976028E+03
 0.8481445312E+00  0.3920380165E+03  0.3024555110E+03
 0.8491210938E+00  0.3910717489E+03  0.3023147391E+03
 0.8500976562E+00  0.3901060428E+03  0.3021752870E+03
 0.8510742188E+00  0.3891410118E+03  0.3020371546E+03
 0.8520507812E+00  0.3881767702E+03  0.3019003416E+03
 0.8530273438E+00  0.3872134329E+03  0.3017648474E+03
 0.8540039062E+00  0.3862511151E+03  0.3016306714E+03
 0.8549804688E+00  0.3852899328E+03  0.3014978127E+03
 0.8559570312E+00  0.3843300020E+03  0.3013662706E+03
 0.8569335938E+00  0.3833714394E+03  0.3012360437E+03
 0.8579101562E+00  0.3824143616E+03  0.3011071310E+03
 0.8588867188E+00  0.3814588858E+03  0.3009795309E+03
 0.8598632812E+00  0.3805051290E+03  0.3008532420E+03
 0.8608398438E+00  0.3795532085E+03  0.3007282624E+03
 0.8618164062E+00  0.3786032417E+03  0.3006045903E+03
 0.8627929688E+00  0.3776553456E+03  0.3004822237E+03
 0.8637695312E+00  0.3767096376E+03  0.3003611603E+03
 0.8647460938E+00  0.3757662345E+03  0.3002413979E+03
 0.8657226562E+00  0.3748252532E+03  0.3001229338E+03
 0.8666992188E+00  0.3738868101E+03  0.3000057654E+03
 0.8676757812E+00  0.3729510215E+03  0.2998898899E+03
 0.8686523438E+00  0.3720180032E+03  0.2997753043E+03
 0.8696289062E+00  0.3710878704E+03  0.2996620055E+03
 0.8706054688E+00  0.3701607379E+03  0.2995499900E+03
 0.8715820312E+00  0.3692367199E+03  0.2994392546E+03
 0.8725585938E+00  0.3683159301E+03  0.2993297955E+03
 0.8735351562E+00  0.3673984813E+03  0.2992216090E+03
 0.8745117188E+00  0.3664844856E+03  0.2991146912E+03
 0.8754882812E+00  0.3655740544E+03  0.2990090380E+03
 0.8764648438E+00  0.3646672980E+03  0.2989046450E+03
 0.8774414062E+00  0.3637643260E+03  0.2988015081E+03
 0.8784179688E+00  0.3628652468E+03  0.2986996225E+03
 0.8793945312E+00  0.3619701681E+03  0.2985989837E+03
 0.8803710938E+00  0.3610791960E+03  0.2984995868E+03
 0.8813476562E+00  0.3601924358E+03  0.2984014267E+03
 0.8823242188E+00  0.3593099916E+03  0.2983044984E+03
 0.8833007812E+00  0.3584319660E+03  0.2982087966E+03
 0.8842773438E+00  0.3575584606E+03  0.2981143158E+03
 0.8852539062E+00  0.3566895753E+03  0.2980210505E+03
 0.8862304688E+00  0.3558254089E+03  0.2979289949E+03
 0.8872070312E+00  0.3549660586E+03  0.2978381433E+03
 0.8881835938E+00  0.3541116199E+03  0.2977484896E+03
 0.8891601562E+00  0.3532621871E+03  0.2976600277E+03
 0.8901367188E+00  0.3524178527E+03  0.2975727513E+03
 0.8911132812E+00  0.3515787076E+03  0.2974866541E+03
 0.8920898438E+00  0.3507448410E+03  0.2974017296E+03
 0.8930664062E+00  0.3499163403E+03  0.2973179710E+03
 0.8940429688E+00  0.3490932913E+03  0.2972353717E+03
 0.8950195312E+00  0.3482757778E+03  0.2971539246E+03
 0.8959960938E+00  0.3474638820E+03  0.2970736229E+03
 0.8969726562E+00  0.3466576838E+03  0.2969944594E+03
 0.8979492188E+00  0.3458572617E+03  0.2969164268E+03
 0.8989257812E+00  0.3450626919E+03  0.2968395178E+03
 0.8999023438E+00  0.3442740487E+03  0.2967637248E+03
 0.9008789062E+00  0.3434914044E+03  0.2966890404E+03
 0.9018554688E+00  0.3427148293E+03  0.2966154568E+03
 0.9028320312E+00  0.3419443915E+03  0.2965429662E+03
 0.9038085938E+00  0.3411801572E+03  0.2964715608E+03
 0.9047851562E+00  0.3404221904E+03  0.2964012325E+03
 0.9057617188E+00  0.3396705528E+03  0.2963319733E+03
 0.9067382812E+00  0.3389253042E+03  0.2962637749E+03
 0.9077148438E+00  0.3381865020E+03  0.2961966293E+03
 0.9086914062E+00  0.3374542015E+03  0.2961305279E+03
 0.9096679688E+00  0.3367284558E+03  0.2960654624E+03
 0.9106445312E+00  0.3360093158E+03  0.2960014242E+03
 0.9116210938E+00  0.3352968300E+03  0.2959384048E+03
 0.9125976562E+00  0.3345910447E+03  0.2958763956E+03
 0.9135742188E+00  0.3338920042E+03  0.2958153878E+03
 0.9145507812E+00  0.3331997501E+03  0.2957553726E+03
 0.9155273438E+00  0.3325143219E+03  0.2956963412E+03
 0.9165039062E+00  0.3318357570E+03  0.2956382848E+03
 0.9174804688E+00  0.3311640902E+03  0.2955811942E+03
 0.9184570312E+00  0.3304993543E+03  0.2955250606E+03
 0.9194335938E+00  0.3298415795E+03  0.2954698748E+03
 0.9204101562E+00  0.3291907939E+03  0.2954156278E+03
 0.9213867188E+00  0.3285470234E+03  0.2953623105E+03
 0.9223632812E+00  0.3279102914E+03  0.2953099137E+03
 0.9233398438E+00  0.3272806192E+03  0.2952584281E+03
 0.9243164062E+00  0.3266580256E+03  0.2952078446E+03
 0.9252929688E+00  0.3260425274E+03  0.2951581539E+03
 0.9262695312E+00  0.3254341391E+03  0.2951093468E+03
 0.9272460938E+00  0.3248328728E+03  0.2950614139E+03
 0.9282226562E+00  0.3242387384E+03  0.2950143460E+03
 0.9291992188E+00  0.3236517438E+03  0.2949681337E+03
 0.9301757812E+00  0.3230718945E+03  0.2949227679E+03
 0.9311523438E+00  0.3224991939E+03  0.2948782391E+03
 0.9321289062E+00  0.3219336432E+03  0.2948345381E+03
 0.9331054688E+00  0.3213752414E+03  0.2947916556E+03
 0.9340820312E+00  0.3208239856E+03  0.2947495824E+03
 0.9350585938E+00  0.3202798705E+03  0.2947083093E+03
 0.9360351562E+00  0.3197428890E+03  0.2946678270E+03
 0.9370117188E+00  0.3192130318E+03  0.2946281263E+03
 0.9379882812E+00  0.3186902876E+03  0.2945891982E+03
 0.9389648438E+00  0.3181746431E+03  0.2945510335E+03
 0.9399414062E+00  0.3176660831E+03  0.2945136232E+03
 0.9409179688E+00  0.3171645902E+03  0.2944769583E+03
 0.9418945312E+00  0.3166701454E+03  0.2944410299E+03
 0.9428710938E+00  0.3161827277E+03  0.2944058292E+03
 0.9438476562E+00  0.3157023143E+03  0.2943713472E+03
 0.9448242188E+00  0.3152288804E+03  0.2943375754E+03
 0.9458007812E+00  0.3147623996E+03  0.2943045051E+03
 0.9467773438E+00  0.3143028437E+03  0.2942721278E+03
 0.9477539062E+00  0.3138501828E+03  0.2942404351E+03
 0.9487304688E+00  0.3134043852E+03  0.2942094185E+03
 0.9497070312E+00  0.3129654178E+03  0.2941790700E+03
 0.9506835938E+00  0.3125332456E+03  0.2941493813E+03
 0.9516601562E+00  0.3121078322E+03  0.2941203447E+03
 0.9526367188E+00  0.3116891396E+03  0.2940919521E+03
 0.9536132812E+00  0.3112771285E+03  0.2940641960E+03
 0.9545898438E+00  0.3108717579E+03  0.2940370689E+03
 0.9555664062E+00  0.3104729854E+03  0.2940105633E+03
 0.9565429688E+00  0.3100807675E+03  0.2939846721E+03
 0.9575195312E+00  0.3096950590E+03  0.2939593882E+03
 0.9584960938E+00  0.3093158136E+03  0.2939347050E+03
 0.9594726562E+00  0.3089429837E+03  0.2939106157E+03
 0.9604492188E+00  0.3085765207E+03  0.2938871139E+03
 0.9614257812E+00  0.3082163745E+03  0.2938641936E+03
 0.9624023438E+00  0.3078624940E+03  0.2938418488E+03
 0.9633789062E+00  0.3075148271E+03  0.2938200739E+03
 0.9643554688E+00  0.3071733206E+03  0.2937988633E+03
 0.9653320312E+00  0.3068379204E+03  0.2937782121E+03
 0.9663085938E+00  0.3065085714E+03  0.2937581154E+03
 0.9672851562E+00  0.3061852175E+03  0.2937385686E+03
 0.9682617188E+00  0.3058678020E+03  0.2937195677E+03
 0.9692382812E+00  0.3055562673E+03  0.2937011086E+03
 0.9702148438E+00  0.3052505552E+03  0.2936831881E+03
 0.9711914062E+00  0.3049506068E+03  0.2936658030E+03
 0.9721679688E+00  0.3046563628E+03  0.2936489505E+03
 0.9731445312E+00  0.3043677636E+03  0.2936326284E+03
 0.9741210938E+00  0.3040847491E+03  0.2936168349E+03
 0.9750976562E+00  0.3038072596E+03  0.2936015686E+03
 0.9760742188E+00  0.3035352355E+03  0.2935868286E+03
 0.9770507812E+00  0.3032686178E+03  0.2935726146E+03
 0.9780273438E+00  0.3030073489E+03  0.2935589267E+03
 0.9790039062E+00  0.3027513729E+03  0.2935457657E+03
 0.9799804688E+00  0.3025006369E+03  0.2935331328E+03
 0.9809570312E+00  0.3022550920E+03  0.2935210301E+03
 0.9819335938E+00  0.3020146955E+03  0.2935094602E+03
 0.9829101562E+00  0.3017794132E+03  0.2934984262E+03
 0.9838867188E+00  0.3015492229E+03  0.2934879323E+03
 0.9848632812E+00  0.3013241198E+03  0.2934779831E+03
 0.9858398438E+00  0.3011041227E+03  0.2934685842E+03
 0.9868164062E+00  0.3008892842E+03  0.2934597418E+03
 0.9877929688E+00  0.3006797037E+03  0.2934514631E+03
 0.9887695312E+00  0.3004755462E+03  0.2934437560E+03
 0.9897460938E+00  0.3002770684E+03  0.2934366294E+03
 0.9907226562E+00  0.3000846548E+03  0.2934300928E+03
 0.9916992188E+00  0.2998988683E+03  0.2934241567E+03
 0.9926757812E+00  0.2997205207E+03  0.2934188325E+03
 0.9936523438E+00  0.2995507712E+03  0.2934141319E+03
 0.9946289062E+00  0.2993912628E+03  0.2934100676E+03
 0.9956054688E+00  0.2992443137E+03  0.2934066522E+03
 0.9965820312E+00  0.2991131832E+03  0.2934038986E+03
 0.9975585938E+00  0.2990024416E+03  0.2934018191E+03
 0.9985351562E+00  0.2989184870E+03  0.2934004249E+03
 0.9995117188E+00  0.2988702640E+03  0.2933997251E+03
